0	1	0	0
0.001001	0.997998	0.001001	0
0.002002	0.996001	0.00199799	1.002e-06
0.003003	0.994009	0.00299099	2.99999e-06
0.004004	0.992022	0.00398001	5.98797e-06
0.00500501	0.99004	0.00496507	9.95998e-06
0.00600601	0.988063	0.00594617	1.49101e-05
0.00700701	0.986091	0.00692333	2.08323e-05
0.00800801	0.984123	0.00789657	2.77209e-05
0.00900901	0.982161	0.00886589	3.55699e-05
0.01001	0.980204	0.00983132	4.43734e-05
0.011011	0.978251	0.0107929	5.41258e-05
0.012012	0.976304	0.0117505	6.48211e-05
0.013013	0.974361	0.0127044	7.64536e-05
0.014014	0.972423	0.0136543	8.90176e-05
0.015015	0.97049	0.0146005	0.000102507
0.016016	0.968561	0.0155428	0.000116917
0.017017	0.966638	0.0164814	0.000132242
0.018018	0.964719	0.0174161	0.000148475
0.019019	0.962805	0.0183471	0.000165611
0.02002	0.960896	0.0192743	0.000183645
0.021021	0.958992	0.0201977	0.000202571
0.022022	0.957092	0.0211174	0.000222383
0.023023	0.955197	0.0220334	0.000243077
0.024024	0.953307	0.0229457	0.000264645
0.025025	0.951421	0.0238543	0.000287084
0.026026	0.94954	0.0247592	0.000310388
0.027027	0.947664	0.0256605	0.00033455
0.028028	0.945793	0.026558	0.000359567
0.029029	0.943926	0.027452	0.000385432
0.03003	0.942063	0.0283423	0.000412139
0.031031	0.940206	0.0292289	0.000439685
0.032032	0.938353	0.030112	0.000468063
0.033033	0.936504	0.0309915	0.000497268
0.034034	0.93466	0.0318674	0.000527295
0.035035	0.932821	0.0327397	0.000558139
0.036036	0.930986	0.0336085	0.000589794
0.037037	0.929156	0.0344737	0.000622255
0.038038	0.927331	0.0353354	0.000655517
0.039039	0.925509	0.0361936	0.000689576
0.04004	0.923693	0.0370482	0.000724425
0.041041	0.921881	0.0378994	0.00076006
0.042042	0.920073	0.0387471	0.000796476
0.043043	0.91827	0.0395913	0.000833667
0.044044	0.916471	0.0404321	0.000871629
0.045045	0.914677	0.0412694	0.000910357
0.046046	0.912887	0.0421033	0.000949845
0.047047	0.911101	0.0429337	0.000990089
0.048048	0.90932	0.0437608	0.00103108
0.049049	0.907544	0.0445844	0.00107282
0.0500501	0.905771	0.0454047	0.0011153
0.0510511	0.904003	0.0462216	0.00115852
0.0520521	0.90224	0.0470351	0.00120247
0.0530531	0.900481	0.0478453	0.00124715
0.0540541	0.898726	0.0486522	0.00129254
0.0550551	0.896975	0.0494557	0.00133866
0.0560561	0.895229	0.0502559	0.00138548
0.0570571	0.893487	0.0510528	0.00143301
0.0580581	0.891749	0.0518464	0.00148125
0.0590591	0.890016	0.0526367	0.00153018
0.0600601	0.888287	0.0534238	0.00157981
0.0610611	0.886562	0.0542076	0.00163012
0.0620621	0.884841	0.0549881	0.00168112
0.0630631	0.883125	0.0557655	0.0017328
0.0640641	0.881413	0.0565396	0.00178515
0.0650651	0.879705	0.0573104	0.00183817
0.0660661	0.878001	0.0580781	0.00189186
0.0670671	0.876301	0.0588426	0.00194621
0.0680681	0.874606	0.059604	0.00200121
0.0690691	0.872915	0.0603621	0.00205687
0.0700701	0.871227	0.0611171	0.00211317
0.0710711	0.869544	0.061869	0.00217012
0.0720721	0.867866	0.0626177	0.00222771
0.0730731	0.866191	0.0633633	0.00228593
0.0740741	0.86452	0.0641058	0.00234478
0.0750751	0.862853	0.0648452	0.00240426
0.0760761	0.861191	0.0655815	0.00246435
0.0770771	0.859533	0.0663147	0.00252507
0.0780781	0.857878	0.0670449	0.00258639
0.0790791	0.856228	0.067772	0.00264833
0.0800801	0.854581	0.068496	0.00271086
0.0810811	0.852939	0.0692171	0.002774
0.0820821	0.851301	0.0699351	0.00283773
0.0830831	0.849667	0.07065	0.00290206
0.0840841	0.848036	0.071362	0.00296697
0.0850851	0.84641	0.072071	0.00303246
0.0860861	0.844787	0.072777	0.00309853
0.0870871	0.843169	0.07348	0.00316518
0.0880881	0.841555	0.0741801	0.0032324
0.0890891	0.839944	0.0748772	0.00330018
0.0900901	0.838337	0.0755714	0.00336853
0.0910911	0.836735	0.0762627	0.00343743
0.0920921	0.835136	0.076951	0.00350689
0.0930931	0.833541	0.0776364	0.00357689
0.0940941	0.83195	0.078319	0.00364745
0.0950951	0.830363	0.0789986	0.00371854
0.0960961	0.828779	0.0796754	0.00379018
0.0970971	0.8272	0.0803493	0.00386234
0.0980981	0.825624	0.0810203	0.00393504
0.0990991	0.824053	0.0816885	0.00400826
0.1001	0.822485	0.0823538	0.00408201
0.101101	0.82092	0.0830164	0.00415627
0.102102	0.81936	0.0836761	0.00423105
0.103103	0.817803	0.084333	0.00430634
0.104104	0.816251	0.0849871	0.00438214
0.105105	0.814702	0.0856384	0.00445844
0.106106	0.813156	0.0862869	0.00453523
0.107107	0.811615	0.0869327	0.00461253
0.108108	0.810077	0.0875757	0.00469031
0.109109	0.808543	0.0882159	0.00476859
0.11011	0.807012	0.0888534	0.00484734
0.111111	0.805486	0.0894882	0.00492658
0.112112	0.803963	0.0901203	0.0050063
0.113113	0.802443	0.0907497	0.00508649
0.114114	0.800928	0.0913763	0.00516714
0.115115	0.799416	0.0920003	0.00524827
0.116116	0.797907	0.0926216	0.00532985
0.117117	0.796403	0.0932402	0.00541189
0.118118	0.794902	0.0938561	0.00549439
0.119119	0.793404	0.0944694	0.00557734
0.12012	0.79191	0.0950801	0.00566074
0.121121	0.79042	0.0956881	0.00574458
0.122122	0.788933	0.0962935	0.00582887
0.123123	0.78745	0.0968963	0.00591359
0.124124	0.785971	0.0974964	0.00599874
0.125125	0.784495	0.098094	0.00608433
0.126126	0.783023	0.098689	0.00617034
0.127127	0.781554	0.0992814	0.00625677
0.128128	0.780088	0.0998712	0.00634363
0.129129	0.778627	0.100459	0.0064309
0.13013	0.777168	0.101043	0.00651858
0.131131	0.775714	0.101625	0.00660668
0.132132	0.774262	0.102205	0.00669518
0.133133	0.772815	0.102782	0.00678408
0.134134	0.77137	0.103357	0.00687339
0.135135	0.76993	0.103929	0.00696309
0.136136	0.768492	0.104499	0.00705318
0.137137	0.767058	0.105066	0.00714366
0.138138	0.765628	0.10563	0.00723453
0.139139	0.764201	0.106192	0.00732578
0.14014	0.762777	0.106752	0.00741741
0.141141	0.761357	0.107309	0.00750942
0.142142	0.75994	0.107864	0.00760181
0.143143	0.758527	0.108417	0.00769456
0.144144	0.757117	0.108966	0.00778768
0.145145	0.75571	0.109514	0.00788117
0.146146	0.754307	0.110059	0.00797501
0.147147	0.752907	0.110602	0.00806921
0.148148	0.75151	0.111142	0.00816377
0.149149	0.750117	0.11168	0.00825868
0.15015	0.748727	0.112216	0.00835394
0.151151	0.74734	0.112749	0.00844954
0.152152	0.745957	0.11328	0.00854549
0.153153	0.744577	0.113808	0.00864177
0.154154	0.7432	0.114334	0.00873839
0.155155	0.741827	0.114858	0.00883535
0.156156	0.740457	0.115379	0.00893263
0.157157	0.73909	0.115899	0.00903025
0.158158	0.737726	0.116415	0.00912818
0.159159	0.736366	0.11693	0.00922644
0.16016	0.735008	0.117442	0.00932501
0.161161	0.733655	0.117952	0.00942391
0.162162	0.732304	0.11846	0.00952311
0.163163	0.730956	0.118965	0.00962262
0.164164	0.729612	0.119468	0.00972244
0.165165	0.728271	0.119969	0.00982257
0.166166	0.726933	0.120468	0.00992299
0.167167	0.725598	0.120964	0.0100237
0.168168	0.724267	0.121459	0.0101247
0.169169	0.722938	0.121951	0.010226
0.17017	0.721613	0.12244	0.0103276
0.171171	0.720291	0.122928	0.0104295
0.172172	0.718972	0.123413	0.0105317
0.173173	0.717656	0.123896	0.0106342
0.174174	0.716343	0.124377	0.0107369
0.175175	0.715034	0.124856	0.0108399
0.176176	0.713727	0.125333	0.0109432
0.177177	0.712424	0.125807	0.0110467
0.178178	0.711124	0.12628	0.0111505
0.179179	0.709826	0.12675	0.0112546
0.18018	0.708532	0.127218	0.011359
0.181181	0.707241	0.127684	0.0114636
0.182182	0.705953	0.128148	0.0115684
0.183183	0.704668	0.128609	0.0116735
0.184184	0.703386	0.129069	0.0117789
0.185185	0.702107	0.129526	0.0118845
0.186186	0.700831	0.129982	0.0119904
0.187187	0.699558	0.130435	0.0120965
0.188188	0.698288	0.130886	0.0122028
0.189189	0.697021	0.131335	0.0123094
0.19019	0.695757	0.131783	0.0124163
0.191191	0.694496	0.132228	0.0125233
0.192192	0.693238	0.132671	0.0126306
0.193193	0.691983	0.133112	0.0127381
0.194194	0.690731	0.133551	0.0128459
0.195195	0.689482	0.133987	0.0129538
0.196196	0.688235	0.134422	0.013062
0.197197	0.686992	0.134855	0.0131704
0.198198	0.685752	0.135286	0.013279
0.199199	0.684514	0.135715	0.0133879
0.2002	0.68328	0.136142	0.0134969
0.201201	0.682048	0.136567	0.0136062
0.202202	0.680819	0.13699	0.0137157
0.203203	0.679593	0.137411	0.0138253
0.204204	0.67837	0.13783	0.0139352
0.205205	0.67715	0.138247	0.0140453
0.206206	0.675933	0.138662	0.0141555
0.207207	0.674719	0.139075	0.014266
0.208208	0.673507	0.139486	0.0143766
0.209209	0.672298	0.139896	0.0144875
0.21021	0.671092	0.140303	0.0145985
0.211211	0.669889	0.140709	0.0147097
0.212212	0.668689	0.141112	0.0148211
0.213213	0.667492	0.141514	0.0149327
0.214214	0.666297	0.141914	0.0150445
0.215215	0.665105	0.142312	0.0151564
0.216216	0.663916	0.142708	0.0152685
0.217217	0.66273	0.143102	0.0153808
0.218218	0.661546	0.143494	0.0154933
0.219219	0.660365	0.143884	0.0156059
0.22022	0.659187	0.144273	0.0157187
0.221221	0.658012	0.14466	0.0158316
0.222222	0.65684	0.145045	0.0159447
0.223223	0.65567	0.145428	0.016058
0.224224	0.654503	0.145809	0.0161714
0.225225	0.653338	0.146188	0.016285
0.226226	0.652177	0.146566	0.0163987
0.227227	0.651018	0.146942	0.0165126
0.228228	0.649861	0.147316	0.0166266
0.229229	0.648708	0.147688	0.0167408
0.23023	0.647557	0.148059	0.0168551
0.231231	0.646409	0.148427	0.0169696
0.232232	0.645263	0.148794	0.0170842
0.233233	0.64412	0.149159	0.0171989
0.234234	0.64298	0.149523	0.0173138
0.235235	0.641843	0.149884	0.0174288
0.236236	0.640708	0.150244	0.017544
0.237237	0.639575	0.150602	0.0176592
0.238238	0.638446	0.150959	0.0177746
0.239239	0.637319	0.151313	0.0178902
0.24024	0.636194	0.151666	0.0180058
0.241241	0.635072	0.152017	0.0181216
0.242242	0.633953	0.152367	0.0182375
0.243243	0.632836	0.152715	0.0183535
0.244244	0.631722	0.153061	0.0184696
0.245245	0.630611	0.153405	0.0185859
0.246246	0.629502	0.153748	0.0187022
0.247247	0.628396	0.154089	0.0188187
0.248248	0.627292	0.154428	0.0189352
0.249249	0.626191	0.154766	0.0190519
0.25025	0.625092	0.155102	0.0191687
0.251251	0.623996	0.155437	0.0192856
0.252252	0.622902	0.155769	0.0194025
0.253253	0.621811	0.1561	0.0195196
0.254254	0.620722	0.15643	0.0196368
0.255255	0.619636	0.156758	0.0197541
0.256256	0.618553	0.157084	0.0198714
0.257257	0.617471	0.157408	0.0199889
0.258258	0.616393	0.157731	0.0201065
0.259259	0.615317	0.158053	0.0202241
0.26026	0.614243	0.158373	0.0203418
0.261261	0.613172	0.158691	0.0204596
0.262262	0.612103	0.159007	0.0205775
0.263263	0.611037	0.159322	0.0206955
0.264264	0.609973	0.159636	0.0208135
0.265265	0.608912	0.159947	0.0209317
0.266266	0.607853	0.160258	0.0210499
0.267267	0.606796	0.160566	0.0211681
0.268268	0.605742	0.160874	0.0212865
0.269269	0.60469	0.161179	0.0214049
0.27027	0.603641	0.161483	0.0215234
0.271271	0.602594	0.161786	0.0216419
0.272272	0.60155	0.162087	0.0217606
0.273273	0.600508	0.162386	0.0218792
0.274274	0.599468	0.162684	0.021998
0.275275	0.598431	0.16298	0.0221168
0.276276	0.597396	0.163275	0.0222357
0.277277	0.596363	0.163569	0.0223546
0.278278	0.595333	0.163861	0.0224736
0.279279	0.594305	0.164151	0.0225926
0.28028	0.59328	0.16444	0.0227117
0.281281	0.592257	0.164727	0.0228308
0.282282	0.591236	0.165013	0.02295
0.283283	0.590218	0.165298	0.0230692
0.284284	0.589201	0.165581	0.0231885
0.285285	0.588188	0.165862	0.0233078
0.286286	0.587176	0.166142	0.0234272
0.287287	0.586167	0.166421	0.0235466
0.288288	0.58516	0.166698	0.0236661
0.289289	0.584155	0.166974	0.0237855
0.29029	0.583153	0.167248	0.0239051
0.291291	0.582153	0.167521	0.0240246
0.292292	0.581155	0.167792	0.0241442
0.293293	0.58016	0.168062	0.0242638
0.294294	0.579166	0.168331	0.0243835
0.295295	0.578175	0.168598	0.0245032
0.296296	0.577187	0.168864	0.0246229
0.297297	0.5762	0.169128	0.0247426
0.298298	0.575216	0.169391	0.0248624
0.299299	0.574234	0.169652	0.0249822
0.3003	0.573254	0.169913	0.025102
0.301301	0.572276	0.170171	0.0252218
0.302302	0.571301	0.170429	0.0253417
0.303303	0.570328	0.170685	0.0254615
0.304304	0.569357	0.170939	0.0255814
0.305305	0.568388	0.171193	0.0257013
0.306306	0.567422	0.171445	0.0258212
0.307307	0.566457	0.171695	0.0259411
0.308308	0.565495	0.171945	0.0260611
0.309309	0.564535	0.172193	0.026181
0.31031	0.563577	0.172439	0.026301
0.311311	0.562622	0.172684	0.0264209
0.312312	0.561668	0.172928	0.0265409
0.313313	0.560717	0.173171	0.0266608
0.314314	0.559768	0.173412	0.0267808
0.315315	0.55882	0.173652	0.0269008
0.316316	0.557876	0.173891	0.0270208
0.317317	0.556933	0.174128	0.0271407
0.318318	0.555992	0.174364	0.0272607
0.319319	0.555054	0.174599	0.0273807
0.32032	0.554117	0.174832	0.0275006
0.321321	0.553183	0.175065	0.0276206
0.322322	0.55225	0.175295	0.0277405
0.323323	0.55132	0.175525	0.0278604
0.324324	0.550392	0.175753	0.0279804
0.325325	0.549466	0.175981	0.0281003
0.326326	0.548542	0.176206	0.0282202
0.327327	0.547621	0.176431	0.0283401
0.328328	0.546701	0.176654	0.0284599
0.329329	0.545783	0.176876	0.0285798
0.33033	0.544868	0.177097	0.0286996
0.331331	0.543954	0.177317	0.0288194
0.332332	0.543043	0.177535	0.0289392
0.333333	0.542133	0.177752	0.029059
0.334334	0.541226	0.177968	0.0291788
0.335335	0.54032	0.178183	0.0292985
0.336336	0.539417	0.178396	0.0294182
0.337337	0.538516	0.178609	0.0295379
0.338338	0.537616	0.17882	0.0296575
0.339339	0.536719	0.179029	0.0297772
0.34034	0.535824	0.179238	0.0298968
0.341341	0.53493	0.179446	0.0300163
0.342342	0.534039	0.179652	0.0301359
0.343343	0.53315	0.179857	0.0302554
0.344344	0.532262	0.180061	0.0303748
0.345345	0.531377	0.180264	0.0304942
0.346346	0.530494	0.180465	0.0306136
0.347347	0.529612	0.180665	0.030733
0.348348	0.528733	0.180865	0.0308523
0.349349	0.527855	0.181063	0.0309716
0.35035	0.52698	0.18126	0.0310908
0.351351	0.526106	0.181455	0.03121
0.352352	0.525235	0.18165	0.0313292
0.353353	0.524365	0.181843	0.0314483
0.354354	0.523497	0.182036	0.0315674
0.355355	0.522631	0.182227	0.0316864
0.356356	0.521768	0.182417	0.0318054
0.357357	0.520906	0.182606	0.0319243
0.358358	0.520045	0.182794	0.0320432
0.359359	0.519187	0.18298	0.032162
0.36036	0.518331	0.183166	0.0322808
0.361361	0.517477	0.18335	0.0323995
0.362362	0.516624	0.183534	0.0325182
0.363363	0.515774	0.183716	0.0326368
0.364364	0.514925	0.183897	0.0327553
0.365365	0.514078	0.184077	0.0328738
0.366366	0.513233	0.184256	0.0329923
0.367367	0.51239	0.184434	0.0331107
0.368368	0.511549	0.184611	0.033229
0.369369	0.51071	0.184787	0.0333473
0.37037	0.509872	0.184961	0.0334655
0.371371	0.509037	0.185135	0.0335836
0.372372	0.508203	0.185307	0.0337017
0.373373	0.507371	0.185479	0.0338197
0.374374	0.506541	0.185649	0.0339377
0.375375	0.505713	0.185819	0.0340556
0.376376	0.504886	0.185987	0.0341734
0.377377	0.504062	0.186154	0.0342912
0.378378	0.503239	0.18632	0.0344089
0.379379	0.502418	0.186486	0.0345265
0.38038	0.501599	0.18665	0.034644
0.381381	0.500781	0.186813	0.0347615
0.382382	0.499966	0.186975	0.0348789
0.383383	0.499152	0.187136	0.0349963
0.384384	0.49834	0.187296	0.0351135
0.385385	0.49753	0.187455	0.0352307
0.386386	0.496721	0.187613	0.0353478
0.387387	0.495915	0.18777	0.0354649
0.388388	0.49511	0.187926	0.0355818
0.389389	0.494307	0.188081	0.0356987
0.39039	0.493505	0.188235	0.0358155
0.391391	0.492706	0.188388	0.0359322
0.392392	0.491908	0.18854	0.0360488
0.393393	0.491112	0.188691	0.0361654
0.394394	0.490318	0.188841	0.0362819
0.395395	0.489525	0.18899	0.0363983
0.396396	0.488734	0.189138	0.0365146
0.397397	0.487945	0.189285	0.0366308
0.398398	0.487158	0.189432	0.036747
0.399399	0.486372	0.189577	0.036863
0.4004	0.485588	0.189721	0.036979
0.401401	0.484806	0.189864	0.0370949
0.402402	0.484025	0.190007	0.0372106
0.403403	0.483246	0.190148	0.0373263
0.404404	0.482469	0.190288	0.037442
0.405405	0.481694	0.190428	0.0375575
0.406406	0.48092	0.190566	0.0376729
0.407407	0.480148	0.190704	0.0377882
0.408408	0.479378	0.190841	0.0379035
0.409409	0.478609	0.190976	0.0380186
0.41041	0.477842	0.191111	0.0381337
0.411411	0.477077	0.191245	0.0382486
0.412412	0.476313	0.191378	0.0383635
0.413413	0.475551	0.19151	0.0384783
0.414414	0.474791	0.191641	0.0385929
0.415415	0.474032	0.191771	0.0387075
0.416416	0.473275	0.191901	0.038822
0.417417	0.47252	0.192029	0.0389364
0.418418	0.471766	0.192157	0.0390506
0.419419	0.471014	0.192283	0.0391648
0.42042	0.470263	0.192409	0.0392789
0.421421	0.469514	0.192534	0.0393928
0.422422	0.468767	0.192658	0.0395067
0.423423	0.468021	0.192781	0.0396204
0.424424	0.467277	0.192903	0.0397341
0.425425	0.466535	0.193024	0.0398476
0.426426	0.465794	0.193145	0.0399611
0.427427	0.465055	0.193265	0.0400744
0.428428	0.464317	0.193383	0.0401877
0.429429	0.463581	0.193501	0.0403008
0.43043	0.462847	0.193618	0.0404138
0.431431	0.462114	0.193734	0.0405267
0.432432	0.461383	0.19385	0.0406395
0.433433	0.460653	0.193964	0.0407522
0.434434	0.459925	0.194078	0.0408647
0.435435	0.459199	0.19419	0.0409772
0.436436	0.458474	0.194302	0.0410896
0.437437	0.457751	0.194413	0.0412018
0.438438	0.457029	0.194524	0.0413139
0.439439	0.456308	0.194633	0.0414259
0.44044	0.45559	0.194742	0.0415378
0.441441	0.454873	0.194849	0.0416496
0.442442	0.454157	0.194956	0.0417612
0.443443	0.453443	0.195062	0.0418728
0.444444	0.45273	0.195168	0.0419842
0.445445	0.452019	0.195272	0.0420955
0.446446	0.45131	0.195376	0.0422067
0.447447	0.450602	0.195479	0.0423178
0.448448	0.449896	0.195581	0.0424288
0.449449	0.449191	0.195682	0.0425396
0.45045	0.448487	0.195782	0.0426503
0.451451	0.447785	0.195882	0.0427609
0.452452	0.447085	0.195981	0.0428714
0.453453	0.446386	0.196079	0.0429817
0.454454	0.445689	0.196176	0.0430919
0.455455	0.444993	0.196273	0.043202
0.456456	0.444298	0.196369	0.043312
0.457457	0.443605	0.196464	0.0434219
0.458458	0.442914	0.196558	0.0435316
0.459459	0.442224	0.196651	0.0436412
0.46046	0.441536	0.196744	0.0437507
0.461461	0.440849	0.196836	0.04386
0.462462	0.440163	0.196927	0.0439693
0.463463	0.439479	0.197017	0.0440784
0.464464	0.438796	0.197107	0.0441873
0.465465	0.438115	0.197196	0.0442962
0.466466	0.437435	0.197284	0.0444049
0.467467	0.436757	0.197371	0.0445135
0.468468	0.43608	0.197458	0.0446219
0.469469	0.435405	0.197544	0.0447302
0.47047	0.434731	0.197629	0.0448384
0.471471	0.434058	0.197713	0.0449465
0.472472	0.433387	0.197797	0.0450544
0.473473	0.432718	0.19788	0.0451622
0.474474	0.43205	0.197962	0.0452699
0.475475	0.431383	0.198043	0.0453774
0.476476	0.430717	0.198124	0.0454848
0.477477	0.430053	0.198204	0.0455921
0.478478	0.429391	0.198284	0.0456992
0.479479	0.42873	0.198362	0.0458062
0.48048	0.42807	0.19844	0.045913
0.481481	0.427412	0.198517	0.0460198
0.482482	0.426755	0.198594	0.0461263
0.483483	0.426099	0.19867	0.0462328
0.484484	0.425445	0.198745	0.0463391
0.485485	0.424792	0.198819	0.0464453
0.486486	0.424141	0.198893	0.0465513
0.487487	0.423491	0.198966	0.0466572
0.488488	0.422842	0.199038	0.046763
0.489489	0.422195	0.199109	0.0468686
0.49049	0.421549	0.19918	0.0469741
0.491491	0.420904	0.199251	0.0470794
0.492492	0.420261	0.19932	0.0471846
0.493493	0.419619	0.199389	0.0472897
0.494494	0.418979	0.199457	0.0473946
0.495495	0.418339	0.199525	0.0474993
0.496496	0.417702	0.199592	0.047604
0.497497	0.417065	0.199658	0.0477085
0.498498	0.41643	0.199723	0.0478128
0.499499	0.415796	0.199788	0.047917
0.500501	0.415164	0.199852	0.0480211
0.501502	0.414533	0.199916	0.048125
0.502503	0.413903	0.199979	0.0482287
0.503504	0.413275	0.200041	0.0483324
0.504505	0.412647	0.200103	0.0484359
0.505506	0.412022	0.200164	0.0485392
0.506507	0.411397	0.200224	0.0486424
0.507508	0.410774	0.200284	0.0487454
0.508509	0.410152	0.200343	0.0488483
0.50951	0.409531	0.200401	0.0489511
0.510511	0.408912	0.200459	0.0490537
0.511512	0.408294	0.200516	0.0491561
0.512513	0.407677	0.200572	0.0492584
0.513514	0.407062	0.200628	0.0493606
0.514515	0.406448	0.200683	0.0494626
0.515516	0.405835	0.200738	0.0495644
0.516517	0.405224	0.200792	0.0496662
0.517518	0.404613	0.200845	0.0497677
0.518519	0.404004	0.200898	0.0498691
0.51952	0.403397	0.20095	0.0499704
0.520521	0.40279	0.201002	0.0500715
0.521522	0.402185	0.201053	0.0501725
0.522523	0.401581	0.201103	0.0502733
0.523524	0.400978	0.201153	0.0503739
0.524525	0.400377	0.201202	0.0504744
0.525526	0.399777	0.20125	0.0505748
0.526527	0.399178	0.201298	0.050675
0.527528	0.39858	0.201345	0.050775
0.528529	0.397984	0.201392	0.0508749
0.52953	0.397389	0.201438	0.0509747
0.530531	0.396795	0.201484	0.0510743
0.531532	0.396202	0.201529	0.0511737
0.532533	0.395611	0.201573	0.051273
0.533534	0.39502	0.201617	0.0513721
0.534535	0.394431	0.20166	0.0514711
0.535536	0.393844	0.201703	0.0515699
0.536537	0.393257	0.201745	0.0516686
0.537538	0.392672	0.201786	0.0517671
0.538539	0.392087	0.201827	0.0518654
0.53954	0.391505	0.201867	0.0519636
0.540541	0.390923	0.201907	0.0520616
0.541542	0.390342	0.201946	0.0521595
0.542543	0.389763	0.201985	0.0522572
0.543544	0.389185	0.202023	0.0523548
0.544545	0.388608	0.202061	0.0524522
0.545546	0.388032	0.202098	0.0525495
0.546547	0.387458	0.202134	0.0526466
0.547548	0.386884	0.20217	0.0527435
0.548549	0.386312	0.202205	0.0528403
0.54955	0.385741	0.20224	0.0529369
0.550551	0.385171	0.202274	0.0530334
0.551552	0.384603	0.202308	0.0531297
0.552553	0.384035	0.202341	0.0532258
0.553554	0.383469	0.202374	0.0533218
0.554555	0.382904	0.202406	0.0534176
0.555556	0.38234	0.202437	0.0535133
0.556557	0.381777	0.202468	0.0536088
0.557558	0.381215	0.202499	0.0537042
0.558559	0.380655	0.202529	0.0537993
0.55956	0.380096	0.202558	0.0538944
0.560561	0.379537	0.202587	0.0539892
0.561562	0.37898	0.202615	0.0540839
0.562563	0.378424	0.202643	0.0541785
0.563564	0.37787	0.202671	0.0542729
0.564565	0.377316	0.202698	0.0543671
0.565566	0.376764	0.202724	0.0544611
0.566567	0.376212	0.20275	0.054555
0.567568	0.375662	0.202775	0.0546488
0.568569	0.375113	0.2028	0.0547423
0.56957	0.374565	0.202824	0.0548357
0.570571	0.374018	0.202848	0.054929
0.571572	0.373472	0.202871	0.0550221
0.572573	0.372928	0.202894	0.055115
0.573574	0.372384	0.202916	0.0552077
0.574575	0.371842	0.202938	0.0553003
0.575576	0.371301	0.202959	0.0553928
0.576577	0.37076	0.20298	0.055485
0.577578	0.370221	0.203	0.0555771
0.578579	0.369683	0.20302	0.0556691
0.57958	0.369146	0.203039	0.0557609
0.580581	0.368611	0.203058	0.0558525
0.581582	0.368076	0.203077	0.0559439
0.582583	0.367542	0.203095	0.0560352
0.583584	0.36701	0.203112	0.0561263
0.584585	0.366478	0.203129	0.0562172
0.585586	0.365948	0.203145	0.056308
0.586587	0.365419	0.203161	0.0563987
0.587588	0.364891	0.203177	0.0564891
0.588589	0.364363	0.203192	0.0565794
0.58959	0.363837	0.203206	0.0566695
0.590591	0.363312	0.203221	0.0567595
0.591592	0.362788	0.203234	0.0568493
0.592593	0.362266	0.203247	0.0569389
0.593594	0.361744	0.20326	0.0570284
0.594595	0.361223	0.203272	0.0571176
0.595596	0.360703	0.203284	0.0572068
0.596597	0.360185	0.203296	0.0572957
0.597598	0.359667	0.203306	0.0573845
0.598599	0.359151	0.203317	0.0574732
0.5996	0.358635	0.203327	0.0575616
0.600601	0.358121	0.203336	0.0576499
0.601602	0.357607	0.203346	0.057738
0.602603	0.357095	0.203354	0.057826
0.603604	0.356583	0.203362	0.0579138
0.604605	0.356073	0.20337	0.0580014
0.605606	0.355564	0.203378	0.0580889
0.606607	0.355056	0.203384	0.0581761
0.607608	0.354548	0.203391	0.0582633
0.608609	0.354042	0.203397	0.0583502
0.60961	0.353537	0.203403	0.058437
0.610611	0.353033	0.203408	0.0585236
0.611612	0.35253	0.203412	0.0586101
0.612613	0.352027	0.203417	0.0586963
0.613614	0.351526	0.203421	0.0587824
0.614615	0.351026	0.203424	0.0588684
0.615616	0.350527	0.203427	0.0589542
0.616617	0.350029	0.20343	0.0590398
0.617618	0.349532	0.203432	0.0591252
0.618619	0.349036	0.203434	0.0592105
0.61962	0.348541	0.203435	0.0592956
0.620621	0.348046	0.203436	0.0593805
0.621622	0.347553	0.203437	0.0594653
0.622623	0.347061	0.203437	0.0595498
0.623624	0.34657	0.203437	0.0596343
0.624625	0.34608	0.203436	0.0597185
0.625626	0.34559	0.203435	0.0598026
0.626627	0.345102	0.203433	0.0598865
0.627628	0.344615	0.203431	0.0599703
0.628629	0.344129	0.203429	0.0600538
0.62963	0.343643	0.203427	0.0601372
0.630631	0.343159	0.203423	0.0602205
0.631632	0.342676	0.20342	0.0603035
0.632633	0.342193	0.203416	0.0603864
0.633634	0.341712	0.203412	0.0604692
0.634635	0.341231	0.203407	0.0605517
0.635636	0.340752	0.203402	0.0606341
0.636637	0.340273	0.203397	0.0607163
0.637638	0.339796	0.203391	0.0607984
0.638639	0.339319	0.203385	0.0608802
0.63964	0.338843	0.203378	0.0609619
0.640641	0.338368	0.203371	0.0610435
0.641642	0.337895	0.203364	0.0611248
0.642643	0.337422	0.203356	0.061206
0.643644	0.33695	0.203348	0.0612871
0.644645	0.336479	0.20334	0.0613679
0.645646	0.336009	0.203331	0.0614486
0.646647	0.335539	0.203322	0.0615291
0.647648	0.335071	0.203312	0.0616095
0.648649	0.334604	0.203302	0.0616896
0.64965	0.334138	0.203292	0.0617696
0.650651	0.333672	0.203281	0.0618495
0.651652	0.333208	0.20327	0.0619291
0.652653	0.332744	0.203259	0.0620086
0.653654	0.332281	0.203247	0.0620879
0.654655	0.331819	0.203235	0.0621671
0.655656	0.331359	0.203222	0.0622461
0.656657	0.330899	0.203209	0.0623249
0.657658	0.33044	0.203196	0.0624035
0.658659	0.329981	0.203183	0.062482
0.65966	0.329524	0.203169	0.0625603
0.660661	0.329068	0.203154	0.0626384
0.661662	0.328612	0.20314	0.0627164
0.662663	0.328158	0.203125	0.0627942
0.663664	0.327704	0.203109	0.0628718
0.664665	0.327252	0.203094	0.0629492
0.665666	0.3268	0.203078	0.0630265
0.666667	0.326349	0.203061	0.0631036
0.667668	0.325899	0.203045	0.0631805
0.668669	0.325449	0.203028	0.0632573
0.66967	0.325001	0.20301	0.0633339
0.670671	0.324554	0.202993	0.0634103
0.671672	0.324107	0.202975	0.0634865
0.672673	0.323661	0.202956	0.0635626
0.673674	0.323217	0.202938	0.0636385
0.674675	0.322773	0.202918	0.0637143
0.675676	0.32233	0.202899	0.0637898
0.676677	0.321887	0.202879	0.0638652
0.677678	0.321446	0.202859	0.0639404
0.678679	0.321006	0.202839	0.0640155
0.67968	0.320566	0.202818	0.0640904
0.680681	0.320127	0.202797	0.0641651
0.681682	0.319689	0.202776	0.0642396
0.682683	0.319252	0.202754	0.064314
0.683684	0.318816	0.202732	0.0643882
0.684685	0.318381	0.20271	0.0644622
0.685686	0.317946	0.202688	0.0645361
0.686687	0.317513	0.202665	0.0646098
0.687688	0.31708	0.202641	0.0646833
0.688689	0.316648	0.202618	0.0647566
0.68969	0.316217	0.202594	0.0648298
0.690691	0.315786	0.20257	0.0649028
0.691692	0.315357	0.202545	0.0649757
0.692693	0.314928	0.202521	0.0650483
0.693694	0.314501	0.202495	0.0651208
0.694695	0.314074	0.20247	0.0651932
0.695696	0.313648	0.202444	0.0652653
0.696697	0.313222	0.202418	0.0653373
0.697698	0.312798	0.202392	0.0654091
0.698699	0.312374	0.202365	0.0654808
0.6997	0.311951	0.202339	0.0655522
0.700701	0.31153	0.202311	0.0656235
0.701702	0.311108	0.202284	0.0656947
0.702703	0.310688	0.202256	0.0657656
0.703704	0.310268	0.202228	0.0658364
0.704705	0.30985	0.2022	0.0659071
0.705706	0.309432	0.202171	0.0659775
0.706707	0.309015	0.202142	0.0660478
0.707708	0.308598	0.202113	0.0661179
0.708709	0.308183	0.202083	0.0661879
0.70971	0.307768	0.202053	0.0662576
0.710711	0.307354	0.202023	0.0663273
0.711712	0.306941	0.201993	0.0663967
0.712713	0.306529	0.201962	0.066466
0.713714	0.306117	0.201931	0.0665351
0.714715	0.305707	0.2019	0.066604
0.715716	0.305297	0.201868	0.0666728
0.716717	0.304888	0.201837	0.0667413
0.717718	0.304479	0.201805	0.0668098
0.718719	0.304072	0.201772	0.066878
0.71972	0.303665	0.20174	0.0669461
0.720721	0.303259	0.201707	0.067014
0.721722	0.302854	0.201674	0.0670818
0.722723	0.302449	0.20164	0.0671493
0.723724	0.302046	0.201606	0.0672168
0.724725	0.301643	0.201572	0.067284
0.725726	0.301241	0.201538	0.0673511
0.726727	0.300839	0.201504	0.067418
0.727728	0.300439	0.201469	0.0674847
0.728729	0.300039	0.201434	0.0675513
0.72973	0.29964	0.201398	0.0676177
0.730731	0.299242	0.201363	0.0676839
0.731732	0.298844	0.201327	0.06775
0.732733	0.298447	0.201291	0.0678158
0.733734	0.298051	0.201255	0.0678816
0.734735	0.297656	0.201218	0.0679471
0.735736	0.297262	0.201181	0.0680125
0.736737	0.296868	0.201144	0.0680777
0.737738	0.296475	0.201107	0.0681428
0.738739	0.296083	0.201069	0.0682077
0.73974	0.295691	0.201031	0.0682724
0.740741	0.2953	0.200993	0.0683369
0.741742	0.29491	0.200955	0.0684013
0.742743	0.294521	0.200916	0.0684655
0.743744	0.294133	0.200877	0.0685296
0.744745	0.293745	0.200838	0.0685935
0.745746	0.293358	0.200799	0.0686572
0.746747	0.292971	0.200759	0.0687207
0.747748	0.292586	0.200719	0.0687841
0.748749	0.292201	0.200679	0.0688473
0.74975	0.291817	0.200639	0.0689104
0.750751	0.291434	0.200598	0.0689733
0.751752	0.291051	0.200557	0.069036
0.752753	0.290669	0.200516	0.0690985
0.753754	0.290288	0.200475	0.0691609
0.754755	0.289907	0.200433	0.0692231
0.755756	0.289528	0.200391	0.0692852
0.756757	0.289149	0.200349	0.0693471
0.757758	0.28877	0.200307	0.0694088
0.758759	0.288393	0.200265	0.0694703
0.75976	0.288016	0.200222	0.0695317
0.760761	0.28764	0.200179	0.0695929
0.761762	0.287264	0.200136	0.069654
0.762763	0.286889	0.200093	0.0697149
0.763764	0.286515	0.200049	0.0697756
0.764765	0.286142	0.200005	0.0698362
0.765766	0.285769	0.199961	0.0698965
0.766767	0.285397	0.199917	0.0699568
0.767768	0.285026	0.199872	0.0700168
0.768769	0.284655	0.199827	0.0700767
0.76977	0.284286	0.199782	0.0701365
0.770771	0.283916	0.199737	0.070196
0.771772	0.283548	0.199692	0.0702554
0.772773	0.28318	0.199646	0.0703147
0.773774	0.282813	0.1996	0.0703738
0.774775	0.282447	0.199554	0.0704327
0.775776	0.282081	0.199508	0.0704914
0.776777	0.281716	0.199462	0.07055
0.777778	0.281352	0.199415	0.0706084
0.778779	0.280988	0.199368	0.0706667
0.77978	0.280625	0.199321	0.0707248
0.780781	0.280263	0.199273	0.0707827
0.781782	0.279901	0.199226	0.0708405
0.782783	0.27954	0.199178	0.0708981
0.783784	0.27918	0.19913	0.0709555
0.784785	0.27882	0.199082	0.0710128
0.785786	0.278461	0.199034	0.0710699
0.786787	0.278103	0.198985	0.0711269
0.787788	0.277746	0.198936	0.0711836
0.788789	0.277389	0.198887	0.0712403
0.78979	0.277032	0.198838	0.0712967
0.790791	0.276677	0.198789	0.071353
0.791792	0.276322	0.198739	0.0714092
0.792793	0.275968	0.198689	0.0714651
0.793794	0.275614	0.198639	0.071521
0.794795	0.275261	0.198589	0.0715766
0.795796	0.274909	0.198539	0.0716321
0.796797	0.274557	0.198488	0.0716874
0.797798	0.274206	0.198437	0.0717426
0.798799	0.273856	0.198386	0.0717976
0.7998	0.273506	0.198335	0.0718525
0.800801	0.273157	0.198284	0.0719071
0.801802	0.272809	0.198232	0.0719617
0.802803	0.272461	0.198181	0.072016
0.803804	0.272114	0.198129	0.0720702
0.804805	0.271768	0.198076	0.0721243
0.805806	0.271422	0.198024	0.0721782
0.806807	0.271077	0.197972	0.0722319
0.807808	0.270732	0.197919	0.0722854
0.808809	0.270388	0.197866	0.0723388
0.80981	0.270045	0.197813	0.0723921
0.810811	0.269702	0.19776	0.0724452
0.811812	0.26936	0.197706	0.0724981
0.812813	0.269019	0.197653	0.0725508
0.813814	0.268678	0.197599	0.0726035
0.814815	0.268338	0.197545	0.0726559
0.815816	0.267999	0.197491	0.0727082
0.816817	0.26766	0.197437	0.0727603
0.817818	0.267322	0.197382	0.0728123
0.818819	0.266984	0.197327	0.0728641
0.81982	0.266647	0.197272	0.0729157
0.820821	0.266311	0.197217	0.0729672
0.821822	0.265975	0.197162	0.0730186
0.822823	0.26564	0.197107	0.0730697
0.823824	0.265305	0.197051	0.0731208
0.824825	0.264971	0.196996	0.0731716
0.825826	0.264638	0.19694	0.0732223
0.826827	0.264305	0.196884	0.0732729
0.827828	0.263973	0.196827	0.0733233
0.828829	0.263642	0.196771	0.0733735
0.82983	0.263311	0.196714	0.0734236
0.830831	0.262981	0.196658	0.0734735
0.831832	0.262651	0.196601	0.0735232
0.832833	0.262322	0.196544	0.0735728
0.833834	0.261994	0.196486	0.0736223
0.834835	0.261666	0.196429	0.0736716
0.835836	0.261339	0.196371	0.0737207
0.836837	0.261012	0.196314	0.0737697
0.837838	0.260686	0.196256	0.0738185
0.838839	0.260361	0.196198	0.0738672
0.83984	0.260036	0.196139	0.0739157
0.840841	0.259712	0.196081	0.0739641
0.841842	0.259388	0.196022	0.0740123
0.842843	0.259065	0.195964	0.0740603
0.843844	0.258742	0.195905	0.0741082
0.844845	0.25842	0.195846	0.0741559
0.845846	0.258099	0.195787	0.0742035
0.846847	0.257778	0.195727	0.0742509
0.847848	0.257458	0.195668	0.0742982
0.848849	0.257139	0.195608	0.0743453
0.84985	0.25682	0.195548	0.0743923
0.850851	0.256501	0.195489	0.0744391
0.851852	0.256183	0.195428	0.0744858
0.852853	0.255866	0.195368	0.0745323
0.853854	0.255549	0.195308	0.0745786
0.854855	0.255233	0.195247	0.0746248
0.855856	0.254918	0.195187	0.0746709
0.856857	0.254603	0.195126	0.0747167
0.857858	0.254288	0.195065	0.0747625
0.858859	0.253975	0.195004	0.0748081
0.85986	0.253661	0.194942	0.0748535
0.860861	0.253349	0.194881	0.0748988
0.861862	0.253037	0.194819	0.0749439
0.862863	0.252725	0.194758	0.0749889
0.863864	0.252414	0.194696	0.0750337
0.864865	0.252104	0.194634	0.0750784
0.865866	0.251794	0.194572	0.0751229
0.866867	0.251484	0.194509	0.0751673
0.867868	0.251176	0.194447	0.0752115
0.868869	0.250867	0.194384	0.0752556
0.86987	0.25056	0.194322	0.0752995
0.870871	0.250253	0.194259	0.0753432
0.871872	0.249946	0.194196	0.0753869
0.872873	0.24964	0.194133	0.0754303
0.873874	0.249335	0.194069	0.0754736
0.874875	0.24903	0.194006	0.0755168
0.875876	0.248725	0.193942	0.0755598
0.876877	0.248421	0.193879	0.0756027
0.877878	0.248118	0.193815	0.0756454
0.878879	0.247815	0.193751	0.075688
0.87988	0.247513	0.193687	0.0757304
0.880881	0.247212	0.193623	0.0757727
0.881882	0.246911	0.193558	0.0758148
0.882883	0.24661	0.193494	0.0758567
0.883884	0.24631	0.193429	0.0758986
0.884885	0.24601	0.193365	0.0759402
0.885886	0.245712	0.1933	0.0759818
0.886887	0.245413	0.193235	0.0760231
0.887888	0.245115	0.19317	0.0760644
0.888889	0.244818	0.193105	0.0761055
0.88989	0.244521	0.193039	0.0761464
0.890891	0.244225	0.192974	0.0761872
0.891892	0.243929	0.192908	0.0762278
0.892893	0.243634	0.192842	0.0762683
0.893894	0.243339	0.192777	0.0763087
0.894895	0.243045	0.192711	0.0763489
0.895896	0.242751	0.192644	0.0763889
0.896897	0.242458	0.192578	0.0764288
0.897898	0.242165	0.192512	0.0764686
0.898899	0.241873	0.192445	0.0765082
0.8999	0.241582	0.192379	0.0765477
0.900901	0.241291	0.192312	0.076587
0.901902	0.241	0.192245	0.0766262
0.902903	0.24071	0.192178	0.0766652
0.903904	0.24042	0.192111	0.0767041
0.904905	0.240131	0.192044	0.0767428
0.905906	0.239843	0.191977	0.0767814
0.906907	0.239555	0.19191	0.0768199
0.907908	0.239267	0.191842	0.0768582
0.908909	0.23898	0.191774	0.0768963
0.90991	0.238694	0.191707	0.0769344
0.910911	0.238408	0.191639	0.0769722
0.911912	0.238123	0.191571	0.07701
0.912913	0.237838	0.191503	0.0770476
0.913914	0.237553	0.191435	0.077085
0.914915	0.237269	0.191366	0.0771223
0.915916	0.236986	0.191298	0.0771595
0.916917	0.236703	0.191229	0.0771965
0.917918	0.23642	0.191161	0.0772334
0.918919	0.236138	0.191092	0.0772701
0.91992	0.235857	0.191023	0.0773067
0.920921	0.235576	0.190954	0.0773431
0.921922	0.235295	0.190885	0.0773794
0.922923	0.235015	0.190816	0.0774156
0.923924	0.234736	0.190747	0.0774516
0.924925	0.234457	0.190677	0.0774875
0.925926	0.234178	0.190608	0.0775232
0.926927	0.2339	0.190538	0.0775588
0.927928	0.233623	0.190469	0.0775943
0.928929	0.233346	0.190399	0.0776296
0.92993	0.233069	0.190329	0.0776648
0.930931	0.232793	0.190259	0.0776998
0.931932	0.232518	0.190189	0.0777347
0.932933	0.232242	0.190119	0.0777695
0.933934	0.231968	0.190048	0.0778041
0.934935	0.231694	0.189978	0.0778385
0.935936	0.23142	0.189907	0.0778729
0.936937	0.231147	0.189837	0.0779071
0.937938	0.230874	0.189766	0.0779411
0.938939	0.230602	0.189695	0.077975
0.93994	0.23033	0.189624	0.0780088
0.940941	0.230059	0.189553	0.0780425
0.941942	0.229788	0.189482	0.078076
0.942943	0.229517	0.189411	0.0781093
0.943944	0.229248	0.18934	0.0781426
0.944945	0.228978	0.189269	0.0781756
0.945946	0.228709	0.189197	0.0782086
0.946947	0.228441	0.189126	0.0782414
0.947948	0.228173	0.189054	0.0782741
0.948949	0.227905	0.188982	0.0783066
0.94995	0.227638	0.18891	0.078339
0.950951	0.227371	0.188838	0.0783713
0.951952	0.227105	0.188766	0.0784034
0.952953	0.22684	0.188694	0.0784354
0.953954	0.226574	0.188622	0.0784673
0.954955	0.226309	0.18855	0.078499
0.955956	0.226045	0.188478	0.0785306
0.956957	0.225781	0.188405	0.078562
0.957958	0.225518	0.188333	0.0785933
0.958959	0.225255	0.18826	0.0786245
0.95996	0.224992	0.188187	0.0786555
0.960961	0.22473	0.188114	0.0786865
0.961962	0.224469	0.188042	0.0787172
0.962963	0.224208	0.187969	0.0787479
0.963964	0.223947	0.187896	0.0787784
0.964965	0.223687	0.187822	0.0788087
0.965966	0.223427	0.187749	0.078839
0.966967	0.223167	0.187676	0.0788691
0.967968	0.222908	0.187602	0.078899
0.968969	0.22265	0.187529	0.0789289
0.96997	0.222392	0.187455	0.0789586
0.970971	0.222134	0.187382	0.0789881
0.971972	0.221877	0.187308	0.0790176
0.972973	0.221621	0.187234	0.0790469
0.973974	0.221364	0.18716	0.079076
0.974975	0.221108	0.187086	0.0791051
0.975976	0.220853	0.187012	0.079134
0.976977	0.220598	0.186938	0.0791628
0.977978	0.220344	0.186864	0.0791914
0.978979	0.22009	0.18679	0.0792199
0.97998	0.219836	0.186716	0.0792483
0.980981	0.219583	0.186641	0.0792765
0.981982	0.21933	0.186567	0.0793047
0.982983	0.219078	0.186492	0.0793326
0.983984	0.218826	0.186417	0.0793605
0.984985	0.218574	0.186343	0.0793882
0.985986	0.218323	0.186268	0.0794158
0.986987	0.218072	0.186193	0.0794433
0.987988	0.217822	0.186118	0.0794706
0.988989	0.217572	0.186043	0.0794978
0.98999	0.217323	0.185968	0.0795249
0.990991	0.217074	0.185893	0.0795518
0.991992	0.216826	0.185818	0.0795787
0.992993	0.216578	0.185742	0.0796053
0.993994	0.21633	0.185667	0.0796319
0.994995	0.216083	0.185591	0.0796583
0.995996	0.215836	0.185516	0.0796846
0.996997	0.21559	0.18544	0.0797108
0.997998	0.215344	0.185365	0.0797368
0.998999	0.215098	0.185289	0.0797628
1	0.214853	0.185213	0.0797886
