0.300635
0.772561
0.42779
0.867341
0.403585
0.0470634
0.994847
0.385955
0.743971
0.923928
0.46386
0.0891542
0.413907
0.53754
0.442789
0.96213
0.520575
0.300022
0.461726
0.231876
0.146826
0.704582
0.915669
0.652737
0.550412
0.780462
0.232652
0.177488
0.0441693
0.353359
0.904235
0.484919
0.037964
0.0602657
0.886268
0.501699
0.0496207
0.974692
0.642505
0.579315
0.552559
0.851306
0.902896
0.968478
0.216089
0.815127
0.832674
0.757966
0.127432
0.754976
0.888669
0.857613
0.895015
0.524874
0.558705
0.160609
0.357818
0.851488
0.96555
0.993424
0.468797
0.0780015
0.971855
0.961555
0.861872
0.490305
0.554683
0.555117
0.845489
0.136674
0.0727728
0.0917613
0.232152
0.779645
0.498274
0.486143
0.598329
0.116598
0.670809
0.29322
0.146638
0.551604
0.813111
0.959006
0.00636488
0.974595
0.0210925
0.501132
0.531143
0.927525
0.916019
0.536969
0.841814
0.375139
0.958388
0.626635
0.851533
0.706926
0.305019
0.449758
0.0876984
0.94672
0.527358
0.304277
0.987204
0.944615
0.143763
0.230286
0.410767
0.758079
0.0386473
0.545917
0.21956
0.137129
0.719926
0.796094
0.948074
0.282198
0.898716
0.726063
0.939877
0.510315
0.868249
0.656537
0.410056
0.808168
0.883763
0.402774
0.423429
0.563203
0.755424
0.406577
0.346912
0.544647
0.879148
0.840989
0.508526
0.804574
0.473271
0.262143
0.838257
0.578907
0.692597
0.480781
0.481491
0.413495
0.60992
0.928085
0.332715
0.935201
0.921085
0.672519
0.0312095
0.538584
0.980806
0.413127
0.419818
0.876847
0.170836
0.245009
0.862766
0.502236
0.0799516
0.746936
0.753834
0.695633
0.505171
0.405104
0.580601
0.160201
0.505222
0.258022
0.568753
0.0282142
0.196599
0.231555
0.740879
0.950489
0.873443
0.953863
0.572678
0.00689413
0.869671
0.557282
0.241284
0.255881
0.59674
0.417159
0.189617
0.893501
0.0637852
0.0386553
0.67981
0.568039
0.0329807
0.306383
0.377991
0.901834
0.121492
0.916293
0.128974
0.665941
0.463857
0.0435421
0.811678
0.869723
0.429821
0.99467
0.426437
0.123998
0.0381563
0.292423
0.756628
0.654475
0.757053
0.7867
0.0641522
0.206053
0.139925
0.718878
0.17914
0.806946
0.347675
0.37666
0.526596
0.504391
0.302376
0.0410608
0.108705
0.00330831
0.602793
0.135064
0.0137741
0.501506
0.81272
0.392431
0.592904
0.929903
0.883604
0.740392
0.76712
0.989094
0.694896
0.114987
0.591947
0.860058
0.000899051
0.110355
0.744492
0.684351
0.892404
0.639737
0.0631253
0.946436
0.751128
0.212156
0.704807
0.694006
0.150719
0.131808
0.304651
0.271857
0.103872
0.773539
0.872721
0.830081
0.174293
0.335914
0.702209
0.0264104
0.879498
0.723171
0.337028
0.430656
0.0326725
0.126273
0.278313
0.606785
0.230825
0.469961
0.641686
0.822405
0.163921
0.0177433
0.212405
0.898176
0.640893
0.482351
0.872493
0.990457
0.603892
0.60924
0.488837
0.886969
0.283726
0.587412
0.628068
0.934656
0.763231
0.623555
0.0867601
0.177017
0.118828
0.138347
0.197136
0.263428
0.426067
0.916067
0.343837
0.861621
0.261436
0.952389
0.797743
0.667806
0.818679
0.541869
0.192014
0.186498
0.476901
0.277653
0.5076
0.233511
0.625342
0.114895
0.0471865
0.0629725
0.37801
0.205967
0.679939
0.739113
0.273101
0.000786448
0.217838
0.197328
0.494575
0.328054
0.595757
0.885402
0.946655
0.437348
0.510371
0.811561
0.906141
0.51954
0.908569
0.318888
0.553502
0.711021
0.127527
0.351219
0.941325
0.852312
0.799972
0.132315
0.817471
0.239398
0.568877
0.108534
0.124527
0.926642
0.0737953
0.277099
0.195802
0.836254
0.924205
0.105233
0.653648
0.860998
0.787727
0.323566
0.174868
0.000908449
0.268307
0.440133
0.310964
0.369367
0.948123
0.0974237
0.400881
0.598844
0.772219
0.676833
0.532933
0.0119399
0.674424
0.0389858
0.234576
0.513174
0.910409
0.237516
0.924745
0.18433
0.0378502
0.14909
0.753017
0.948835
0.0633554
0.813617
0.466081
0.42517
0.825293
0.70689
0.701786
0.911662
0.29628
0.570502
0.427
0.587073
0.92932
0.0888329
0.0146907
0.905945
0.22114
0.702369
0.722665
0.831353
0.557115
0.435327
0.538849
0.442995
0.419961
0.283057
0.332263
0.345712
0.387175
0.256611
0.862829
0.567147
0.0321709
0.696311
0.901335
0.735326
0.624777
0.624898
0.666031
0.984254
0.363493
0.235199
0.996251
0.989964
0.319962
0.59585
0.457085
0.233733
0.342546
0.171214
0.595411
0.0709807
0.972324
0.842146
0.943812
0.646172
0.21472
0.80395
0.98106
0.677989
0.9644
0.663098
0.680476
0.759528
0.386967
0.760173
0.224438
0.133851
0.627084
0.40023
0.665884
0.505988
0.133651
0.276294
0.680077
0.0476337
0.579856
0.635858
0.871301
0.951046
0.228889
0.937364
0.284697
0.908342
0.506092
0.894639
0.199391
0.166808
0.537867
0.937644
0.985496
0.239261
0.264394
0.675277
0.381801
0.936647
0.227972
0.525725
0.861513
0.441508
0.41821
0.84733
0.083429
0.190826
0.210599
0.531049
0.342967
0.249281
0.661016
0.701505
0.189183
0.605687
0.785458
0.185496
0.639415
0.642535
0.0851414
0.971344
0.378885
0.919572
0.2478
0.767261
0.355717
0.53819
0.363971
0.26399
0.877747
0.288212
0.978897
0.325091
0.803809
0.611901
0.216451
0.899291
0.388412
0.0462027
0.529439
0.27597
0.227406
0.0129454
0.573856
0.795697
0.273159
0.991135
0.00954928
0.494799
0.082269
0.694276
0.691195
0.911137
0.487928
0.604543
0.549424
0.164447
0.853863
0.874437
0.663435
0.354187
0.815967
0.954082
0.25601
0.767666
0.158061
0.527519
0.0189943
0.236702
0.251514
0.197723
0.136392
0.34581
0.0300164
0.485258
0.731616
0.274989
0.735743
0.638072
0.0837691
0.906909
0.412622
0.945378
0.970619
0.194332
0.130261
0.301492
0.181525
0.887247
0.958323
0.529816
0.619751
0.154652
0.24093
0.318038
0.27149
0.926025
0.710477
0.988778
0.385996
0.429467
0.0557162
0.42282
0.336909
0.430698
0.734753
0.986634
0.364951
0.734169
0.181391
0.641689
0.873073
0.739561
0.806599
0.51336
0.0332708
0.182665
0.0491963
0.84267
0.755388
0.8057
0.401689
0.19043
0.556619
0.10357
0.698037
0.907119
0.955769
0.601289
0.856478
0.823406
0.981215
0.285368
0.173133
0.843003
0.347877
0.762974
0.29677
0.815199
0.0414571
0.769344
0.369445
0.267852
0.788487
0.103941
0.93599
0.180394
0.888587
0.478387
0.253687
0.710154
0.563257
0.655894
0.61833
0.272862
0.994225
0.946416
0.409132
0.27389
0.263438
0.600541
0.287978
0.0532843
0.549012
0.241459
0.20953
0.563372
0.598939
0.373455
0.650598
0.603828
0.535681
0.187362
0.993713
0.32783
0.839921
0.558561
0.730561
0.532289
0.176973
0.392838
0.430043
0.736238
0.95989
0.871591
0.824025
0.391147
0.0127547
0.368238
0.969975
0.378031
0.5663
0.811243
0.563752
0.983824
0.137164
0.317735
0.178503
0.105005
0.813875
0.791379
0.704551
0.395842
0.912849
0.244912
0.2387
0.832743
0.908332
0.34076
0.158865
0.0369598
0.182771
0.829977
0.424833
0.167979
0.222117
0.127821
0.28785
0.900414
0.265787
0.0850354
0.18989
0.484472
0.524923
0.387471
0.223147
0.427807
0.148558
0.819388
0.457501
0.211387
0.77833
0.385454
0.331078
0.430866
0.567609
0.799044
0.534189
0.111871
0.208947
0.76565
0.283492
0.649073
0.971545
0.758053
0.595745
0.690948
0.758771
0.667513
0.889194
0.67678
0.646198
0.649006
0.835814
0.520389
0.17381
0.218404
0.708347
0.18623
0.962667
0.544527
0.868969
0.754718
0.548337
0.89414
0.806643
0.252012
0.569716
0.212974
0.448647
0.414537
0.123394
0.876578
0.653667
0.185213
0.872138
0.0296433
0.215233
0.416485
0.87156
0.310404
0.960725
0.902275
0.53603
0.0544858
0.74351
0.169272
0.956469
0.378526
0.893143
0.0463247
0.579486
0.415734
0.241107
0.287152
0.156791
0.183923
0.186975
0.493936
0.589391
0.886654
0.999949
0.138192
0.584921
0.764341
0.282073
0.802885
0.0902383
0.635041
0.132837
0.596975
0.357071
0.285235
0.946773
0.419947
0.0574772
0.0185954
0.533511
0.714423
0.306527
0.802201
0.600173
0.114437
0.336006
0.247995
0.0549466
0.486685
0.710727
0.194089
0.0595475
0.814821
0.696502
0.11143
0.800662
0.72615
0.397609
0.607197
0.159955
0.371458
0.102929
0.927255
0.366934
0.0660732
0.492683
0.527308
0.468875
0.380622
0.121313
0.911382
0.58983
0.2693
0.121655
0.661039
0.0889647
0.230461
0.358373
0.177539
0.893119
0.651852
0.68035
0.640679
0.898508
0.220084
0.956922
0.994132
0.368651
0.917193
0.263356
0.231443
0.856547
0.991851
0.0468339
0.13755
0.803228
0.860479
0.0785587
0.335996
0.0835397
0.0514043
0.952049
0.0955052
0.15613
0.0701652
0.2663
0.712207
0.056054
0.0988396
0.196995
0.901382
0.532379
0.696197
0.982121
0.512766
0.0652469
0.604948
0.353004
0.936746
0.894527
0.31387
0.214426
0.85925
0.406511
0.235426
0.81105
0.322501
0.266554
0.971004
0.65885
0.290965
0.252783
0.521293
0.363211
0.494556
0.00645237
0.444966
0.551502
0.0954344
0.966028
0.0394868
0.654192
0.997196
0.871631
0.508089
0.45152
0.695941
0.683018
0.490361
0.505712
0.500981
0.981821
0.466104
0.816394
0.136247
0.905736
0.70458
0.880325
0.628086
0.236777
0.516467
0.255808
0.357803
0.590682
0.600298
0.201667
0.411801
0.142582
0.375929
0.246765
0.374048
0.616877
0.848619
0.731886
0.814306
0.0474797
0.991762
0.536235
0.502909
0.39757
0.963916
0.542997
0.147606
0.813986
0.656943
0.235573
0.280888
0.886145
0.438527
0.320986
0.810865
0.212027
0.545723
0.969777
0.0436689
0.943964
0.208565
0.344247
0.764463
0.327503
0.335354
0.296799
0.305669
0.383102
0.799281
0.514563
0.257853
0.741735
0.342995
0.708931
0.00685177
0.157683
0.170081
0.558308
0.47743
0.162851
0.0431011
0.399746
0.533613
0.431857
0.221833
0.345315
0.702423
0.622549
0.177772
0.812667
0.486146
0.648574
0.589198
